3,2
3,1
3,3
10,165
10,69
10,225
10,312
10,223
10,238
10,87
10,104
8,12
8,15
8,18
8,11
8,14
8,2
8,3
2,1
2,3
25,3
25,2
25,1
20,3
20,2
20,1
19,3
19,2
19,1
18,3
18,1
14,3
14,1
13,3
13,1
12,3
12,2
12,1
11,30
11,29
11,28
11,27
11,26
11,25
11,24
11,23
11,22
11,21
11,20
11,19
11,18
11,17
11,16
11,15
11,14
11,13
11,12
11,11
11,10
11,9
11,8
11,7
11,6
11,5
11,4
11,3
11,2
11,1
10,311
10,308
10,307
10,306
10,303
10,294
10,293
10,289
10,286
10,285
10,280
10,277
10,272
10,271
10,270
10,269
10,268
10,267
10,266
10,265
10,256
10,255
10,253
10,250
10,214
10,213
